4257 4196 8183 8529 0 0 4676 4607 4712 4626 4578 4197 1600 1620 3545 3335 2059 2184 277 235 11176 11253 9118 9057 11914 12308 11034 11129 8859 8976 7597 7541 5785 5729 5953 5998 5506 5507 0 0 10753 11152 12346 11645 9951 10507 12722 12098 11825 11672 15282 14931 12962 13144 4757 4815 0 0 10495 10341 9688 9586 9458 9335 9127 8875 10883 11186 7601 7252 6880 7151 7764 7035 5981 5842 4580 4532 2502 2426 
3821 3779 7844 8195 0 0 3371 4765 4598 4538 4268 3995 1619 1680 2854 2593 2099 2263 253 225 10888 11142 9793 9857 11808 12146 10543 10918 8908 8777 7604 7443 5469 5361 5313 5423 5631 5683 0 0 9822 10034 10832 10475 8626 9264 13545 13050 12741 12661 13894 13437 13378 13515 4488 4462 0 0 10870 10677 9370 9225 9624 9725 9477 9249 11142 11429 7243 6882 7172 7586 6809 6377 6685 6367 4545 4520 2680 2734 
3756 3773 9045 9453 5576 5728 5155 5098 4394 4435 3972 3771 3318 3459 4018 3725 2746 2975 878 781 9488 9963 13088 13006 8353 8793 10137 10350 10285 10356 8363 8496 6869 6578 6419 6497 6207 6232 0 0 8997 9319 11332 11252 0 0 13780 13344 14061 13825 12014 11588 11931 11554 0 0 10656 10140 12664 12643 9286 9283 8146 8291 8526 8290 9015 9474 11642 11137 10281 10742 9134 8653 10285 9909 5626 5814 4037 4076 
4497 4423 8760 9213 5502 5602 5018 5038 4337 4272 4044 3811 3001 3059 3549 3362 2493 2687 678 651 10002 10089 12807 12635 9390 9877 9972 10306 10535 10501 8376 8338 7255 6890 7438 7012 6200 6229 0 0 8671 8948 12608 12087 17759 18226 14744 14212 14146 14027 12542 12052 12471 12453 0 0 9632 9355 12456 12649 10757 10300 8073 8251 7863 7782 9348 9783 11216 10437 10204 11072 11039 10668 11348 11024 5764 5970 4215 4302 
3535 3360 7652 8171 7373 7533 4048 4428 6079 6087 4766 4698 2673 2698 1426 1540 1450 1550 247 206 9004 9121 9992 10003 9627 10048 8935 9183 0 0 7743 8327 7346 6966 6424 6399 4910 4690 146 173 13931 14429 14071 13724 13893 14483 0 0 13073 12902 15977 15435 11836 11886 0 0 12408 12283 9655 9813 10058 9629 12844 13202 12056 11559 9591 10008 7374 6819 7255 7517 8486 8162 6804 6419 6026 6087 5073 5048 
3700 3576 7543 8174 6842 6771 4186 4610 6485 6559 4927 4952 3096 3189 1663 1607 1384 1521 238 201 9728 9754 9088 8967 10284 10180 8397 8692 0 0 7633 8200 7903 7485 5597 5889 4674 4569 145 155 13469 13849 12857 12312 13292 14012 17664 17232 12296 12007 16387 16170 11835 12261 0 0 12419 12404 9032 9104 9539 9116 12439 12581 11358 10954 9386 9941 7573 6962 6954 6951 7138 7058 6861 6625 6331 6353 5175 5248 
3416 3211 7015 7275 0 0 4934 5357 5114 5146 5060 5216 3221 3259 3944 3708 3095 3348 605 564 12294 12367 9147 8816 9900 9784 10912 11426 7651 7387 7915 8459 4765 4448 5658 5796 6670 6502 1653 1547 7707 8284 7611 7349 10459 11106 12386 12373 9643 9949 12548 11749 12416 12819 7199 7080 13521 13372 13010 13187 7169 6822 8389 8454 11273 10785 13209 13180 8431 7912 8756 8506 6584 6721 8655 8231 7495 7302 3082 3076 
3646 3261 6964 7465 0 0 4813 5289 4762 4686 4739 4853 3227 3264 3689 3496 3373 3541 445 411 12871 12650 9073 8673 11701 11303 10706 11129 7163 7002 7234 7691 5073 4829 5502 5881 6617 6374 1858 1795 8250 8795 8511 8610 11122 11610 13113 13081 10046 10272 11550 11061 13768 13534 6492 6425 11896 12188 13680 13811 6900 6639 7938 7955 11735 11234 13280 13313 7536 7165 8439 7969 7003 7205 8237 7954 7343 7286 3089 3162 
3717 3413 7816 7931 6363 5998 5703 6167 4081 3884 4774 4827 2786 2906 3711 3426 3115 3315 1632 1524 9442 8913 12971 12685 10980 10709 9501 10128 12563 12224 7398 7791 10397 9921 9228 9147 6045 6016 5287 5030 9452 10369 12924 12994 10632 11352 11813 11512 15212 15678 13240 12869 11937 11952 0 0 11540 11821 9415 9532 10985 10646 9375 9368 8349 7970 7908 8004 10348 10017 7412 7146 9712 9103 7046 6641 5935 5642 4741 4754 
3964 3630 7647 7690 7277 6935 5685 6035 4135 4035 5703 5529 2717 2768 3335 3191 3031 3258 1598 1462 9485 9387 13098 12729 11257 10918 8942 9731 14006 13467 7353 7645 10364 9790 9381 9231 6185 6021 5308 5020 9006 9908 13360 13255 10564 11041 11623 11580 15208 15127 13688 13300 11737 11657 0 0 12824 12386 10632 10808 13648 13425 9314 9405 7402 7278 7721 7782 10391 10217 8629 8170 10624 10403 7707 7176 6176 6009 4363 4322 
3691 3410 7960 8124 7954 7556 4869 5199 4932 4795 5876 5968 2461 2500 1454 1365 1448 1560 749 695 8770 8365 9112 8885 8329 7917 9202 9939 0 0 5813 6215 5154 4865 5971 5949 5557 5322 4693 4420 13441 14189 14531 14119 14104 14590 15548 15539 10826 10898 15850 15331 13787 13336 0 0 11254 11316 10824 11299 9788 9663 12303 12497 10959 10862 12312 12263 6434 6446 6922 6739 6594 6519 7505 7188 8348 8086 4915 4782 
4322 4011 7378 7506 6785 6387 4662 5036 5782 5611 5355 5549 2405 2432 1590 1587 1375 1530 716 678 8429 8008 9679 9479 7879 7274 9054 9846 0 0 5460 5921 6038 6395 5649 5560 5775 5690 4648 4236 13981 14700 14365 13868 15182 15667 16312 16092 10571 10735 12973 12238 14486 14073 0 0 10523 10451 10648 10647 8619 8772 13289 13138 11163 11110 12051 11851 5496 5643 7241 6882 6157 6338 8241 7831 8529 8023 5770 5377 
3682 3350 7803 7910 0 0 4288 4649 4200 3874 6361 6670 3347 3393 4671 4462 3989 4326 642 622 12714 12828 10471 10014 13272 12519 8442 8608 9585 9224 9603 9998 5934 5512 5290 5047 6010 5881 6876 6333 7460 7623 7793 7705 8482 9160 11397 11262 10085 10913 12067 11174 11105 10990 6882 6646 13876 13787 12555 12442 6596 6883 7703 7439 10957 11128 10484 10111 7696 7917 9061 8762 8648 8914 5480 5341 6131 5917 4403 4027 
3539 3327 7481 7694 0 0 4584 4855 4767 4613 6053 6508 3103 3051 3412 3608 4244 4391 649 676 13674 13465 9528 9279 12959 12228 8202 8421 10724 10973 9932 10415 6316 5800 5736 5471 5604 5574 6542 6069 7251 7669 8088 7954 8565 9164 10023 10052 9967 10852 11085 10527 11150 10835 7109 6689 13748 13852 11152 10571 7053 7215 6894 6691 9316 9625 10100 9840 8522 7911 7761 7395 8946 9011 5624 5516 6227 5904 3528 3203 
3274 3054 6709 6808 5553 5549 5018 5424 3778 3600 4838 5048 2821 2854 3219 3306 3259 3413 588 640 8430 8324 15018 14710 8359 7898 11813 12194 13153 13307 6356 6737 8148 7693 10581 10303 7502 7435 4831 4470 9055 9231 15852 15421 12646 13273 14148 14189 14491 14957 14664 14003 14909 14648 0 0 13407 13141 12583 12136 12605 12138 10108 9765 7909 8216 9341 9059 8085 8141 8178 8055 7702 7662 8476 8794 7447 7461 4923 4500 
3269 2956 6596 6661 6178 5890 5180 5550 3697 3515 5156 5309 2563 2563 3377 3535 3208 3288 602 661 7825 7919 14011 14061 7708 7236 11071 11351 13276 13083 6584 6828 8850 8375 10413 10041 6728 6622 4221 3907 8803 9216 16488 16183 11447 12381 13582 13177 12357 13489 12099 11637 13915 13707 0 0 13756 13356 12998 12448 13800 13963 9999 9543 9053 8613 9969 9875 7598 7616 8912 8579 7972 7804 9122 9256 7629 7812 4965 4629 
2981 2781 6880 6946 8188 7884 4734 4988 3883 3727 4844 4869 2226 2216 1576 1695 1525 1652 893 941 10038 9733 9331 9219 9823 9388 7192 7443 42999 0 6243 6537 5049 4908 4339 4099 5045 4774 6767 6407 9597 10204 9746 10209 10746 11611 13907 13845 12417 13020 11982 11562 10643 10668 0 0 9539 9355 8906 8651 7195 7395 9726 9193 11365 11380 10759 10341 7622 7687 8293 8141 8228 8234 5873 5851 6574 6457 4095 4198 
3309 3129 6824 7039 7957 7540 4879 5150 4667 4649 4513 4640 2563 2484 1249 1380 1571 1646 934 975 9867 9868 9672 9931 10178 9880 7531 7712 0 0 6319 6628 4813 4725 4041 3730 5043 4958 6782 6432 10062 10488 10349 11120 10686 11385 15438 15080 12013 12576 13262 13122 10927 11135 0 0 9094 9036 9822 9502 6534 6797 9973 9616 10460 10473 11833 11383 7697 7908 6509 6169 8188 7737 5643 5707 6237 6153 4566 4414 
3051 2826 5911 5965 0 0 5339 5751 3132 3049 4303 4179 3245 3111 3568 3443 2830 2951 1647 1622 10064 10101 12447 12186 10172 9878 10424 10505 6655 6342 9861 10255 3801 3857 7773 7821 5565 5446 5176 5209 9294 9504 9731 9959 10249 11126 11708 11222 9692 10209 12529 12379 13989 14106 4839 4508 16062 15629 14953 14514 8816 9241 9681 9334 9792 9894 10680 10178 6153 6092 6825 6440 7220 6842 7500 7551 7615 7542 4232 4025 
2975 2720 5913 6074 0 0 5400 5704 3291 3123 4185 4079 3417 3235 3595 3514 3167 3329 1513 1503 9285 9793 11507 11450 9154 9110 10279 10523 6676 6447 9749 10084 4206 4471 8504 8423 5256 5010 4444 4644 9158 9526 10850 10915 10350 11112 10147 9558 9089 9827 12897 12675 13567 13490 5562 5320 16667 16421 13709 13294 9172 9109 10151 9622 9773 10259 10376 10194 6433 6506 6174 5945 7243 6901 7503 7411 7471 7662 4252 3852 
2543 2424 6830 6976 5995 5868 5984 6463 2967 2785 5092 4861 2660 2495 3204 3110 2665 2855 1895 1870 9172 9701 10426 9993 9872 9793 8658 8986 12452 12036 5617 6201 9451 9487 6693 6742 6614 6135 5348 5578 6659 6741 10413 10644 9008 9837 12748 12561 14744 15209 12430 12058 10664 10757 0 0 10177 10096 10041 9988 8451 8511 8433 8048 9451 9513 8839 8369 9732 9381 8438 8194 11210 10402 8434 8486 5636 6134 5319 5076 
3011 2861 7147 7401 6712 6455 5371 5793 3006 2904 5024 4737 2750 2635 2772 2680 2604 2886 2145 2041 9425 9936 10923 10626 11461 10826 8951 9382 14181 13373 5493 6076 9596 9353 6531 6415 7136 6829 6291 6173 6663 6628 9533 9605 8983 9737 13270 13305 15219 15634 12535 12649 10485 10566 0 0 10637 10390 10150 9900 8628 8516 8297 8196 9795 10007 8826 8645 9584 9498 6783 6528 9770 9485 8473 8549 5788 6482 4803 4542 
2888 2652 6434 6562 7284 7684 4708 5131 4094 3837 5403 5222 2227 2118 1179 1116 1062 1192 1532 1503 6621 7003 11491 11014 7685 7528 8573 8739 0 0 7636 8209 4656 4783 5956 5915 4351 4045 6317 6264 13447 13378 11743 11169 14931 15967 12184 12210 9789 10144 13923 13870 12687 13884 0 0 12751 12267 13612 13521 9170 9442 13365 13059 9819 9592 10104 9607 8031 7776 6696 6736 7283 7022 5811 5667 7637 8504 2068 1936 
2841 2635 6284 6460 7298 7633 4700 5104 3491 3633 5251 5412 2254 2164 1363 1163 1017 1219 1695 1490 7403 7921 12357 11664 6965 6934 8875 9139 0 0 7485 8186 4710 4754 5880 5900 4713 4490 5592 5641 13147 13164 12580 12203 14918 15653 13324 13180 9654 10134 13168 13235 13043 13776 0 0 12360 11971 10598 10058 9052 8742 13781 13337 9338 9398 11292 10614 8489 8063 8255 7877 8274 8208 6133 5971 7628 8538 2359 2230 
2901 2611 7782 7952 0 0 4982 5409 2815 2894 6090 6282 3706 3620 3316 3055 2917 3191 2588 2350 11884 12143 9235 8776 12944 13151 8143 8207 8530 8803 8347 9080 6730 6748 5278 5642 7684 7488 5629 5901 8400 8456 7978 7574 8340 8807 12761 12218 11183 12296 11351 11141 10369 10890 6047 6174 13348 13710 11384 10803 6750 6603 7407 6953 11721 11390 9949 9551 7044 6707 6435 6496 7296 7228 7452 6801 7725 8529 2685 2479 
2943 2684 7894 7932 0 0 4551 5036 2984 3171 6332 6302 3662 3552 3409 3130 2892 2965 2118 1878 11990 12732 10593 10198 12444 12704 7988 8118 9385 9771 8500 9112 6041 5955 5175 5674 8037 7738 5606 5851 8455 8565 7795 7502 8111 8980 11838 11254 12363 13593 12457 11910 9636 10209 6438 6583 13957 14402 9857 9610 6727 6534 8447 8126 12324 11907 10608 10380 7177 6731 6759 6834 7245 7117 7697 7141 7410 7933 1885 2017 
2707 2503 8572 8409 5584 5935 4812 5146 3511 3590 5465 5563 3066 2950 2657 2459 3440 3589 2072 1745 7021 7576 13885 13585 8872 8550 10705 10371 0 0 7248 7824 6559 6274 10144 10797 7887 7574 6914 6694 8842 8622 11289 10563 11441 12477 11261 11239 12857 13765 10586 10505 13157 13964 0 0 13680 13621 13974 13794 12692 12372 9223 9010 8577 8259 6742 6761 10375 9863 8515 8429 9675 9403 7195 6529 6109 6617 5281 5416 
2378 2206 8218 7951 6560 6400 4654 4961 3665 3686 5500 5539 3595 3505 2520 2363 3593 3554 1688 1546 6577 6902 14063 13747 9137 8958 10581 10507 0 0 6731 7218 6106 5762 9180 9840 7757 7330 7086 6966 9431 9285 10866 10192 11555 12566 11686 11683 13334 14402 12244 11689 13110 13760 0 0 13181 13313 11510 11082 11381 11243 9673 9378 9027 8545 6796 6711 9861 9323 8947 8900 9889 10014 5952 5414 5677 6180 5262 5618 
2796 2666 7783 7466 0 0 4462 4729 3177 3263 6206 6372 2964 2987 885 799 1302 1336 950 989 8996 9247 8480 8332 9054 8875 7317 7129 0 0 6497 6986 6643 6300 4457 4848 5200 4909 5338 5419 11157 10688 10321 9650 2595 2824 14497 14108 11065 12092 14727 14016 6224 10953 0 0 357 351 7817 7518 6298 6098 8963 8606 11799 11210 10987 10992 6173 6151 6171 5949 6502 6493 6178 5811 7885 8211 4465 4754 
2551 2342 7094 6667 0 0 4286 4698 3331 3289 6202 6278 2784 2719 1114 1106 1588 1635 1137 1058 8896 9203 10251 10131 8750 8653 7557 7176 0 0 6533 6780 7232 6887 4510 4803 5792 5676 5246 5228 10185 9771 9786 9225 2654 2824 15212 14486 11655 12740 12184 11817 9632 10461 0 0 349 343 8650 8519 6978 6963 8691 8642 11215 10929 11930 11475 6418 6371 5826 5853 5750 6040 6456 6601 7480 7756 3655 3839 
